55555555555555555555555555555555555555555555555555555555555555555555555555555555555555555555555555555555555555555555555555555555
55555555555555555555555555555555555555555555555555555555555555555555555555555555555555555555555555555555555555555555555555555555
55555555555555555555555555555555555555555555555555555555555555555555555555555555555555555555555555555555555555555555555555555555
55555555555555555555555555555555555555555555555555555555555555555555555555555555555555555555555555555555555555555555555555555555
55555555555555555555555555555555555555555555555555555555555555555555555555555555555555555555555555555555555555555555555555555555
55555555555555555555555555555555555555555555555555555555555555555555555555555555555555555555555555555555555555555555555555555555
55555555555555555555555555555555555555555555555555555555555555555555555555555555555555555555555555555
5555555555555555555555555555555555555555555555555555555555555555555555555555555555555555555555555555555
555555555555555555555555555555555. 555555555555555555555555555555555555555555555555555555555555555555555555555
555555555555555555555555555555555..5555555555555555555555555555555555555555555555555555555555555555555555
555555555555555555555555555555555. 55555555555555555555555555555555555555555555555555555555555555555555555
555555555555555555555,,,,,,,,,,,,,,,,,,,,,,,,,,,,,,,,,,,,,,,,,,,,,,,,,,,,,,,,,,,,,,,,,,,,,,,,,,,,,,,,,,,,,,,55555555555555555555
555555555555555555555,5,,,,,,,,,,,,,,,,,,,,,,,,,,,,,,,,,,,,,,,,,,,,,,,,,,,,,,,,,,,,,,,,,,,,,,,,,,,,,,,,,,,5,55555555555555555555
555555555555555555555,,,,,,,,,,,,,,,,,,,,,,,,,,,,,,,,,,,,,,,,,,,,,,,,,,,,,,,,,,,,,,,,,,,,,,,,,,,,,,,,,,,,,,,55555555555555555555
555555555555555555555,,,,,55555,,555,555,555555,,,555555,555555,,,,,,,,,,,,,,,,,,,,,,,,,,,,,,,,,,,,,,,,,,,,,55555555555555555555
555555555555555555555,,,,5555555,555,555,5555555,5555555,5555555,,,,,,,,,,,,,,,,,,,,,,,,,,,,,,,,,,,,,,,,,,,,55555555555555555555
555555555555555555555,,,,555    ,555,555,5555555,555    ,5555555,,,,,,,,,,,,,,,,,,,,,,,,,,,,,,,,,,,,,,,,,,,,55555555555555555555
555555555555555555555,,,,555555 ,555,555,555555 ,555555 ,555555 ,,,,,,,,,,,,,,,,,,,,,,,,,,,,,,,,,,,,,,,,,,,,55555555555555555555
555555555555555555555,,,,,  5555,555,555,555555 ,555555 ,5555555,,,,,,,,,,,,,,,,,,,,,,,,,,,,,,,,,,,,,,,,,,,,55555555555555555555
555555555555555555555,,,,5555555,5555555,555,  ,,5555555,555,555,,,,,,,,,,,,,,,,,,,,,,,,,,,,,,,,,,,,,,,,,,,,55555555555555555555
555555555555555555555,,,,555555 ,555555 ,555,,,,,5555555,555,555,,,,,,,,,,,,,,,,,,,,,,,,,,,,,,,,,,,,,,,,,,,,55555555555555555555
555555555555555555555,,,,,5555  ,,5555  ,555,,,,,,555555,555,555,,,,,,,,,,,,,,,,,,,,,,,,,,,,,,,,,,,,,,,,,,,,55555555555555555555
555555555555555555555,,,,,     ,,,     ,,   ,,,,,,      ,   ,   ,,,,,,,,,,,,,,,,,,,,,,,,,,,,,,,,,,,,,,,,,,,,55555555555555555555
555555555555555555555,,,,,,,,,,,,,,,,,,,,,,,,,,,,,,,,,,,,,,,,,,,,,,,,,,,,,,,,,,,,,,,,,,,,,,,,,,,,,,,,,,,,,,,55555555555555555555
555555555555555555555,,,,,555,,,55,,,,5555,,,55555,,,555,,5555,,,,,,,55555,,,55555,,,,5555,,,,5555,,,,,,,,,,55555555555555555555
555555555555555555555,,,,55555,5555,,555555,,555555,,555,555555,,,,,,555555,,555555,,555555,,555555,,,,,,,,,55555555555555555555
555555555555555555555,,,,55555555555,5555555,5555555,555,5555555,,,,,5555555,5555555,5555555,5555555,,,,,,,,55555555555555555555
555555555555555555555,,,,555 555 555,555 555,555 555,555,555 555,,,,,555 555,555 555,555 555,555 555,,,,,,,,55555555555555555555
555555555555555555555,,,,555,555,555,555,555,555,555,555,555,555,,,,,555,555,555,555,555,555,555,555,,,,,,,,55555555555555555555
555555555555555555555,,,,555,555,555,555,555,555,555,555,555,555,,,,,555,555,555,555,555,555,555,555,,,,,,,,55555555555555555555
555555555555555555555,,,,555,555,555,555,555,5555555,555,555,555,,,,,5555555,5555555,555,555,55555  ,,,,,,,,55555555555555555555
555555555555555555555,,,,555,555,555,555,555,555555 ,555,555,555,,,,,555555 ,555555 ,555,555,  5555,,,,,,,,,55555555555555555555
555555555555555555555,,,,555,555,555,5555555,555,555,555,555,555,,,,,555 555,555,555,555,555,555 555,,,,,,,,55555555555555555555
555555555555555555555,,,,555,555,555,5555555,555,555,555,555,555,,,,,555 555,555,555,555,555,555 555,,,,,,,,55555555555555555555
555555555555555555555,,,,555,555,555,5555555,555,555,555,555,555,,,,,555,555,555,555,555,555,555,555,,,,,,,,55555555555555555555
555555555555555555555,,,,555,555,555,555 555,555,555,555,5555555,,,,,5555555,555,555,5555555,5555555,555,,,,55555555555555555555
555555555555555555555,,,,555,555,555,555,555,555,555,555,555555 ,,,,,555555 ,555,555,555555 ,555555 ,555,,,,55555555555555555555
555555555555555555555,,,,555,555,555,555,555,555,555,555,,5555  ,,,,,55555  ,555,555,,5555  ,,5555  ,555,,,,55555555555555555555
555555555555555555555,,,,   ,   ,   ,   ,   ,   ,   ,   ,,     ,,,,,,   ,  ,,   ,   ,,     ,,,     ,,   ,,,,55555555555555555555
555555555555555555555, ,,,,,,,,,,,,,,,,,,,,,,,,,,,,,,,,,,,,,,,,,,,,,,,,,,,,,,,,,,,,,,,,,,,,,,,,,,,,,,,,,,, ,55555555555555555555
55555555555555555555555555555555555555555555555555555555555555555555555555555555555555555555555555555555555555555555555555555555
55555555555555555555555555555555555555555555555555555555555555555555555555555555555555555555555555555555555555555555555555555555
55555555555555555555555555555555555555555555555555555555555555555555555555555555555555555555555555555555555555555555555555555555
55555555555555555555555555555555555555555555555555555555555555555555555555555555555555555555555555555555555555555555555555555555
55555555555555555555555555555555555555555555555555555555555555555555555555555555555555555555555555555555555555555555555555555555
55555555555555555555555555555555555555555555555555555555555555555555555555555555555555555555555555555555555555555555555555555555
55555555555555555555555555555555555555555555555555555555555555555555555555555555555555555555555555555555555555555555555555555555
55555555555555555555555555555555555555555555555555555555555555555555555555555555555555555555555555555555555555555555555555555555
5555555555555555555555555555555555555,,55555555555555555555555555555555555555555555555555555555555555
555555555555555555555555555555555555,,,,55555555555555555555555555555555555555555555555555555555555555
555555555555555555555555555555555555555 555555555555555555555555555555555555555555555555555555555555
55555555555555555555555555555555555555555555555555555555555555555555555555555555555555555555555555555555555555555555555555555555
55555555555555555555555555555555555555555555555555555555555555555555555555555555555555555555555555555555555555555555555555555555
55555555555555555555555555555555555555555555555555555555555555555555555555555555555555555555555555555555555555555555555555555555
555555555555555555555555555555555555555555555555555555555555555555555555555555555555555555555555555555555555
555555555555555555555555555555555555555555555555555555555555555555555555555555555555555555555555555555555555555
55555555555555555555555555555555555555555555555555555555555555555555555555555555555555555555555555555555555555555555555555555555
55555555555555555555555555555555555555555555555555555555555555555555555555555555555555555555555555555555555555555555555555555555
55555555555555555  *** 555555555555555555555555555555555555555555555555555555555555555555555555555555555555555555555555555555555
555555555555555 ******  *5555555555555555555555555555555555555555555555555555555555555555555555555555555555555555555555555555555
55555555555555*******   ** 55555555555555555555555555555555555555555555555555555555555555555555555555555555555555555555555555555
555555555555 ******** ******5555555555555555555555555555555555555555555555555555555555555555555555555555555555555555555555555555
55555555555****************** 555555555555555555555555555555555555555555555555555555555555555555555555555555555
555555555 *********************555555555555555555555555555555555555555555555555555555555555555555555555555555555555555
55555555***************,,******* 555555555555555555555555555555555555555555555555555555555555555555  555555  555555  55555555555
555555 *******  ******ooooo ******555555555555555555555555555555555555555555555555555555555555555 OOOO555 OOOO555 OOOO5555555555
55555******** *********ooo********* 5555555555555555555555555555555555555555555555555555555555555OO*O*OO5OO*O*OO5OO*O*OO55555555
555 *****************--,,--**********555555555555555555555555555555555555555555555555555555555 OOOOOOOOOOOOOOOOOOOOOOOOO   55555
55*******************o,,,,o*********** 555555555555555555555555555555555555555555555555555555 OOOOOOOOOOOOOOOOOOOOOOOOOOOOOO5555
 ********************--**--*************55555555555555555555555555555555555555555555555555555OOOOOOOOOOOOOOOOOOOOOOOOOOOOOO 5555
5,,,,5,,5,,,,5,,5,,,,5,,5,,,,5,,5,,,,5,,5,,,,5,,5,,,,5,,5,,,,5,,5,,,,5,,5,,,,5,,5,,,,5,,5,,,,5,,5,,,,5,,5,,,,5,,5,,,,5,,5,,,,5,,
5,,,,,  5,,,,,  5,,,,,  5,,,,,  5,,,,,  5,,,,,  5,,,,,  5,,,,,  5,,,,,  5,,,,,  5,,,,,  5,,,,,  5,,,,,  5,,,,,  5,,,,,  5,,,,,  
5,,,,5,,5,,,,5,,5,,,,5,,5,,,,5,,5,,,,5,,5,,,,5,,5,,,,5,,5,,,,5,,5,,,,5,,5,,,,5,,5,,,,5,,5,,,,5,,5,,,,5,,5,,,,5,,5,,,,5,,5,,,,5,,
5 ,, ,,,5 ,, ,,,5 ,, ,,,5 ,, ,,,5 ,, ,,,5 ,, ,,,5 ,, ,,,5 ,, ,,,5 ,, ,,,5 ,, ,,,5 ,, ,,,5 ,, ,,,5 ,, ,,,5 ,, ,,,5 ,, ,,,5 ,, ,,,
5,,,5,, 5,,,5,, 5,,,5,, 5,,,5,, 5,,,5,, 5,,,5,, 5,,,5,, 5,,,5,, 5,,,5,, 5,,,5,, 5,,,5,, 5,,,5,, 5,,,5,, 5,,,5,, 5,,,5,, 5,,,5,, 
5,,,,5,,5,,,,5,,5,,,,5,,5,,,,5,,5,,,,5,,5,,,,5,,5,,,,5,,5,,,,5,,5,,,,5,,5,,,,5,,5,,,,5,,5,,,,5,,5,,,,5,,5,,,,5,,5,,,,5,,5,,,,5,,
5,,,,5,,5,,,,5,,5,,,,5,,5,,,,5,,5,,,,5,,5,,,,5,,5,,,,5,,5,,,,5,,5,,,,5,,5,,,,5,,5,,,,5,,5,,,,5,,5,,,,5,,5,,,,5,,5,,,,5,,5,,,,5,,
5,,,,5,,5,,,,5,,5,,,,5,,5,,,,5,,5,,,,5,,5,,,,5,,5,,,,5,,5,,,,5,,5,,,,5,,5,,,,5,,5,,,,5,,5,,,,5,,5,,,,5,,5,,,,5,,5,,,,5,,5,,,,5,,
 ,,, ,,, ,,, ,,, ,,, ,,, ,,, ,,, ,,, ,,, ,,, ,,, ,,, ,,, ,,, ,,, ,,, ,,, ,,, ,,, ,,, ,,, ,,, ,,, ,,, ,,, ,,, ,,, ,,, ,,, ,,, ,,,
5,555,,,5,555,,,5,555,,,5,555,,,5,555,,,5,555,,,5,555,,,5,555,,,5,555,,,5,555,,,5,555,,,5,555,,,5,555,,,5,555,,,5,555,,,5,555,,,
🔥🔥🔥🔥🔥🔥🌀🌀🌀🌀🌀🌀🌀🌀🌀🌀🌀🌀🌀🌀🌀🌀🌀🌀🌀🌀🌀🌀🌀🌀🌀🌀🌀🌀🌀🌀🌀🌀🌀🌀🌀🌀🌀🌀🌀🌀🌀🌀🌀🌀🌀🌀🌀🌀🌀🌀🌀🌀🌀🌀🌀🌀🌀🌀🌀🌀🌀🌀🌀🌀🌀🌀🌀🌀🌀🌀🌀🌀🌀🌀🌀🌀🌀🌀🌀🌀🌀🌀🌀🌀🌀🌀🌀🌀🌀🌀🌀🌀🌀🌀🌀🌀🌀🌀🌀🌀🌀🌀🌀🌀🌀🌀🌀
🔥🔥🔥🔥🔥🔥🔥🔥🔥🔥🔥🔥🔥🔥🔥🔥🔥🔥🔥🔥🔥🌀🌀🌀🌀🌀🌀🌀🌀🌀🌀🌀🌀🌀🌀🌀🌀🌀🌀🌀🌀🌀🌀🌀🌀🌀🌀🌀🌀🌀🌀🌀🌀🌀🌀🌀🌀🌀🌀🌀🌀🌀🌀🌀🌀🌀🌀🌀🌀🌀🌀🌀🌀🌀🌀🌀🌀🌀🌀🌀🌀🌀🌀🌀🌀🌀🌀🌀🌀🌀🌀🌀🌀🌀🌀🌀🌀🌀🌀🌀🌀🌀🌀🌀🌀🌀🌀🌀🌀🌀🌀🌀🌀🌀🌀🌀🌀🌀🌀🌀🌀🌀🌀🌀🌀🌀🌀🌀
🔥🔥🔥🔥🔥🔥🔥🔥🔥🔥🔥🔥🔥🔥🔥🔥🔥🔥🔥🔥🔥🌀🌀🌀🌀🌀🌀🌀🌀🌀🌀🌀🌀🌀🌀🌀🌀🌀🌀🌀🌀🌀🌀🌀🌀🌀🌀🌀🌀🌀🌀🌀🌀🌀🌀🌀🌀🌀🌀🌀🌀🌀🌀🌀🌀🌀🌀🌀🌀🌀🌀🌀🌀🌀🌀🌀🌀🌀🌀🌀🌀🌀🌀🌀🌀🌀🌀🌀🌀🌀🌀🌀🌀🌀🌀🌀🌀🌀🌀🌀🌀🌀🌀🌀🌀🌀🌀🌀🌀🌀🌀🌀🌀🌀🌀🌀🌀🌀🌀🌀🌀🌀🌀🌀🌀🌀🌀🌀
🔥🔥🔥🔥🔥🔥🔥🔥🔥🔥🔥🔥🔥🔥🔥🔥🔥🔥🔥🔥🔥🌀🌀🌀🌀🌀🌀🌀🌀🌀🌀🌀🌀🌀🌀🌀🌀🌀🌀🌀🌀🌀🌀🌀🌀🌀🌀🌀🌀🌀🌀🌀🌀🌀🌀🌀🌀🌀🌀🌀🌀🌀🌀🌀🌀🌀🌀🌀🌀🌀🌀🌀🌀🌀🌀🌀🌀🌀🌀🌀🌀🌀🌀🌀🌀🌀🌀🌀🌀🌀🌀🌀🌀🌀🌀🌀🌀🌀🌀🌀🌀🌀🌀🌀🌀🌀🌀🌀🌀🌀🌀🌀🌀🌀🌀🌀🌀🌀🌀🌀🌀🌀🌀🌀🌀🌀🌀🌀
🔴🔴🔴🔥🔥🔥🔥🔴🔴🔴🔴🔥🔥🔥🔥🔥🔥🔥🔥🔥🔥🌀🌀🌀🌀🌀🌀🌀🌀🌀🌀🌀🌀🌀🌀🌀🌀🌀🌀🌀🌀🌀🌀🌀🌀🌀🌀🌀🌀🌀🌀🌀🌀🌀🌀🌀🌀🌀🌀🌀🌀🌀🌀🌀🌀🌀🌀🌀🌀🌀🌀🌀🌀🌀🌀🌀🌀🌀🌀🌀🌀🌀🌀🌀🌀🌀🌀🌀🌀🌀🌀🌀🌀🌀🌀🌀🌀🌀🌀🌀🌀🌀🌀🌀🌀🌀🌀🌀🌀🌀🌀🌀🌀🌀🌀🌀🌀🌀🌀🌀🌀🌀🌀🌀🌀🌀🌀🌀
🔴🔴🔴🔴🔥🔥🔴🔴🔴🔴🔴🔴🔥🔥🔥🔥🔥🔥🔥🔥🔥🌀🌀🌀🌀🌀🌀🌀🌀🌀🌀🌀🌀🌀🌀🌀🌀🌀🌀🌀🌀🌀🌀🌀🌀🌀🌀🌀🌀🌀🌀🌀🌀🌀🌀🌀🌀🌀🌀🌀🌀🌀🌀🌀🌀🌀🌀🌀🌀🌀🌀🌀🌀🌀🌀🌀🌀🌀🌀🌀🌀🌀🌀🌀🌀🌀🌀🌀🌀🌀🌀🌀🌀🌀🌀🌀🌀🌀🌀🌀🌀🌀🌀🌀🌀🌀🌀🌀🌀🌀🌀🌀🌀🌀🌀🌀🌀🌀🌀🌀🌀🌀🌀🌀🌀🌀🌀🌀
🔴🔴🔴🔴🔴🔥🔴🔴🔴🔴🔴🔴🔴🔥🔥🔥🔥🔥🔥🔥🔥🌀🌀🌀🌀🌀🌀🌀🌀🌀🌀🌀🌀🌀🌀🌀🌀🌀🌀🌀🌀🌀🌀🌀🌀🌀🌀🌀🌀🌀🌀🌀🌀🌀🌀🌀🌀🌀🌀🌀🌀🌀🌀🌀🌀🌀🌀🌀🌀🌀🌀🌀🌀🌀🌀🌀🌀🌀🌀🌀🌀🌀🌀🌀🌀🌀🌀🌀🌀🌀🌀🌀🌀🌀🌀🌀🌀🌀🌀🌀🌀🌀🌀🌀🌀🌀🌀🌀🌀🌀🌀🌀🌀🌀🌀🌀🌀🌀🌀🌀🌀🌀🌀🌀🌀🌀🌀🌀
🔴🌚🔴🔴🔴🔥🔴🔴🔴🌚🔴🔴🔴🔥🔥🔥🔥🔥🔥🔥🔥🌀🌀🌀🌀🌀🌀🌀🌀🌀🌀🌀🌀🌀🌀🌀🌀🌀🌀🌀🌀🌀🌀🌀🌀🌀🌀🌀🌀🌀🌀🌀🌀🌀🌀🌀🌀🌀🌀🌀🌀🌀🌀🌀🌀🌀🌀🌀🌀🌀🌀🌀🌀🌀🌀🌀🌀🌀🌀🌀🌀🌀🌀🌀🌀🌀🌀🌀🌀🔥🔶🔶🔶🔶🔶🔶🔶🌀🌀🌀🌀🌀🌀🌀🌀🌀🌀🌀🌀🌀🌀🌀🌀🌀🌀🌀🌀🌀🌀🌀🌀🌀🌀🌀🌀🌀🌀🌀
🔴🔥🔴🔴🔴🔥🔴🔴🔴🔥🔴🔴🔴🔥🔥🔥🔥🔥🔥🔥🔥🌀🌀🌀🌀🌀🌀🌀🌀🌀🌀🌀🌀🌀🌀🌀🌀🌀🌀🌀🌀🌀🌀🌀🌀🌀🌀🌀🌀🌀🌀🌀🌀🌀🌀🌀🌀🌀🌀🌀🌀🌀🌀🌀🌀🌀🌀🌀🌀🌀🌀🌀🌀🌀🌀🌀🌀🌀🌀🌀🌀🌀🌀🌀🌀🌀🌀🌀🌀🔥🔶🔥🌚🌚🔥🔶🔶🌀🌀🌀🌀🌀🌀🌀🌀🌀🌀🌀🌀🌀🌀🌀🌀🌀🌀🌀🌀🌀🌀🌀🌀🌀🌀🌀🌀🌀🌀🌀
🔴🔥🔴🔴🔴🔥🔴🔴🔴🔥🔴🔴🔴🔥🔥🔥🔥🔥🔥🔥🔥🌀🌀🌀🌀🌀🌀🌀🌀🌀🌀🌀🌀🌀🌀🌀🌀🌀🌀🌀🌀🌀🌀🌀🌀🌀🌀🌀🌀🌀🌀🌀🌀🌀🌀🌀🌀🌀🌀🌀🌀🌀🌀🌀🌀🌀🌀🌀🌀🌀🌀🌀🌀🌀🌀🌀🌀🌀🌀🌀🌀🌀🌀🌀🌀🌀🌀🌀🌀🔥🔶🔶🌚🔥🔥🔶🔶🌀🌀🌀🌀🌀🌀🌀🌀🌀🌀🌀🌀🌀🌀🌀🌀🌀🌀🌀🌀🌀🌀🌀🌀🌀🌀🌀🌀🌀🌀🌀
🔴🔥🔴🔴🔴🔥🔴🔴🔴🔴🔴🌚🌚🔥🔥🔥🔥🔥🔥🔥🔥🌀🌀🌀🌀🌀🌀🌀🌀🌀🌀🌀🌀🌀🌀🌀🌀🌀🌀🌀🌀🌀🌀🌀🌀🌀🌀🌀🌀🌀🌀🌀🌀🌀🌀🌀🌀🌀🌀🌀🌀🌀🌀🌀🌀🌀🌀🌀🌀🌀🌀🌀🌀🌀🌀🌀🌀🌀🌀🌀🌀🌀🌀🌀🌀🌀🌀🌀🌀🔥🔶🔶🔶🌚🔶🔶🔶🌀🌀🌀🌀🌀🌀🌀🌀🌀🌀🌀🌀🌀🌀🌀🌀🌀🌀🌀🌀🌀🌀🌀🌀🌀🌀🌀🌀🌀🌀🌀
🔴🔥🔴🔴🔴🔥🌚🌚🔴🔴🔴🔴🔥🔥🔥🔥🔥🔥🔥🔥🔥🌀🌀🌀🌀🌀🌀🌀🌀🌀🌀🌀🌀🌀🌀🌀🌀🌀🌀🌀🌀🌀🌀🌀🌀🌀🌀🌀🌀🌀🌀🌀🌀🌀🌀🌀🌀🌀🌀🌀🌀🌀🌀🌀🌀🌀🌀🌀🌀🌀🌀🌀🌀🌀🌀🌀🌀🌀🌀🌀🌀🌀🌀🌀🌀🌀🌀🌀🌀🔥🌚🔶🔶🌚🔶🔶🔶🌀🌀🌀🌀🌀🌀🌀🌀🌀🌀🌀🌀🌀🌀🌀🌀🌀🌀🌀🌀🌀🌀🌀🌀🌀🌀🌀🌀🌀🌀🌀
🔴🔥🔴🔴🔴🔥🔴🔴🔴🌚🔴🔴🔴🔥🔥🔥🔥🔥🔥🔥🔥🌀🌀🌀🌀🌀🌀🌀🌀🌀🌀🌀🌀🌀🌀🌀🌀🌀🌀🌀🌀🌀🌀🌀🌀🌀🌀🌀🌀🌀🌀🌀🌀🌀🌀🌀🌀🌀🌀🌀🌀🌀🌀🌀🌀🌀🌀🌀🌀🌀🌀🌀🌀🌀🌀🌀🌀🌀🌀🌀🌀🌀🌀🌀🌀🌀🌀🌀🌀🌀🌀🌀🌀🌀🌀🌀🌀🌀🌀🌀🌀🌀🌀🌀🌀🌀🌀🌀🌀🌀🌀🌀🌀🌀🌀🌀🌀🌀🌀🌀🌀🌀🌀🌀🌀🌀🌀🌀
🔴🔥🔴🔴🔴🔥🔴🔴🔴🌚🔴🔴🔴🔥🔥🔥🔥🔥🔥🔥🔥🌀🌀🌀🌀🌀🌀🌀🌀🌀🌀🌀🌀🌀🌀🌀🌀🌀🌀🌀🌀🌀🌀🌀🌀🌀🌀🌀🌀🌀🌀🌀🌀🌀🌀🌀🌀🌀🌀🌀🌀🌀🌀🌀🌀🌀🌀🌀🌀🌀🌀🌀🌀🌀🌀🌀🌀🌀🌀🌀🌀🌀🌀🌀🌀🌀🌀🌀🌀🌀🌀🌀🌀🌀🌀🌀🌀🌀🌀🌀🌀🌀🌀🌀🌀🌀🌀🌀🌀🌀🌀🌀🌀🌀🌀🌀🌀🌀🌀🌀🌀🌀🌀🌀🌀🌀🌀🌀
🔴🔥🔴🔴🔴🔥🔴🔴🔴🔥🔴🔴🔴🔥🔥🔥🔥🔥🔥🔥🔥🌀🌀🌀🌀🌀🌀🌀🌀🌀🌀🌀🌀🌀🌀🌀🌀🌀🌀🌀🌀🌀🌀🌀🌀🌀🌀🌀🌀🌀🌀🌀🌀🌀🌀🌀🌀🌀🌀🌀🌀🌀🌀🌀🌀🌀🌀🌀🌀🌀🌀🌀🌀🌀🌀🌀🌀🌀🌀🌀🌀🌀🌀🌀🌀🌀🌀🌀🌀🌀🌀🌀🌀🌀🌀🌀🌀🌀🌀🌀🌀🌀🌀🌀🌀🌀🌀🌀🌀🌀🌀🌀🌀🌀🌀🌀🌀🌀🌀🌀🌀🌀🌀🌀🌀🌀🌀🌀
🔴🔴🔴🔴🔴🔥🔴🔴🔴🔴🔴🔴🔴🔥🔴🔴🔴🔥🔥🔥🔥🌀🌀🌀🌀🌀🌀🌀🌀🌀🌀🌀🌀🌀🌀🌀🌀🌀🌀🌀🌀🌀🌀🌀🌀🌀🌀🌀🌀🌀🌀🌀🌀🌀🌀🌀🌀🌀🌀🌀🌀🌀🌀🌀🌀🌀🌀🌀🌀🌀🌀🌀🌀🌀🌀🌀🌀🌀🌀🌀🌀🌀🌀🌀🌀🌀🌀🌀🌀🌀🌀🌀🌀🌀🌀🌀🌀🌀🌀🌀🌀🌀🌀🌀🌀🌀🌀🌀🌀🌀🌀🌀🌀🌀🌀🌀🌀🌀🌀🌀🌀🌀🌀🌀🌀🌀🌀🌀
🔴🔴🔴🔴🌚🔥🔴🔴🔴🔴🔴🔴🌚🔥🔴🔴🔴🔥🔥🔥🔥🌀🌀🌀🌀🌀🌀🌀🌀🌀🌀🌀🌀🌀🌀🌀🌀🌀🌀🌀🌀🌀🌀🌀🌀🌀🌀🌀🌀🌀🌀🌀🌀🌀🌀🌀🌀🌀🌀🌀🌀🌀🌀🌀🌀🌀🌀🌀🌀🌀🌀🌀🌀🌀🌀🌀🌀🌀🌀🌀🌀🌀🌀🌀🌀🌀🌀🌀🌀🌀🌀🌀🌀🌀🌀🌀🌀🌀🌀🌀🌀🌀🌀🌀🌀🌀🌀🌀🌀🌀🌀🌀🌀🌀🌀🌀🌀🌀🌀🌀🌀🌀🌀🌀🌀🌀🌀🌀
🔴🔴🔴🌚🌚🔥🔥🔴🔴🔴🔴🌚🌚🔥🔴🔴🔴🔥🔥🔥🔥🌀🌀🌀🌀🌀🌀🌀🌀🌀🌀🌀🌀🌀🌀🌀🌀🌀🌀🌀🌀🌀🌀🌀🌀🌀🌀🌀🌀🌀🌀🌀🌀🌀🌀🌀🌀🌀🌀🌀🌀🌀🌀🌀🌀🌀🌀🌀🌀🌀🌀🌀🌀🌀🌀🌀🌀🌀🌀🌀🌀🌀🌀🌀🌀🌀🌀🌀🌀🌀🌀🌀🌀🌀🌀🌀🌀🌀🌀🌀🌀🌀🌀🌀🌀🌀🌀🌀🌀🌀🌀🌀🌀🌀🌀🌀🌀🌀🌀🌀🌀🌀🌀🌀🌀🌀🌀🌀
🌚🌚🌚🌚🔥🔥🔥🌚🌚🌚🌚🌚🔥🔥🌚🌚🌚🔥🔥🔥🔥🌀🌀🌀🌀🌀🌀🌀🌀🌀🌀🌀🌀🌀🌀🌀🌀🌀🌀🌀🌀🌀🌀🌀🌀🌀🌀🌀🌀🌀🌀🌀🌀🌀🌀🌀🌀🌀🌀🌀🌀🌀🌀🌀🌀🌀🌀🌀🌀🌀🌀🌀🌀🌀🌀🌀🌀🌀🌀🌀🌀🌀🌀🌀🌀🌀🌀🌀🌀🌀🌀🌀🌀🌀🌀🌀🌀🌀🌀🌀🌀🌀🌀🌀🌀🌀🌀🌀🌀🌀🌀🌀🌀🌀🌀🌀🌀🌀🌀🌀🌀🌀🌀🌀🌀🌀🌀🌀
🔥🔥🔥🔥🔥🔥🔥🔥🔥🔥🔥🔥🔥🔥🔥🔥🔥🔥🔥🌚🔥🌀🌀🌀🌀🌀🌀🌀🌀🌀🌀🌀🌀🌀🌀🌀🌀🌀🌀🌀🌀🌀🌀🌀🌀🌀🌀🌀🌀🌀🌀🌀🌀🌀🌀🌀🌀🌀🌀🌀🌀🌀🌀🌀🌀🌀🌀🌀🌀🌀🌀🌀🌀🌀🌀🌀🌀🌀🌀🌀🌀🌀🌀🌀🌀🌀🌀🌀🌀🌀🌀🌀🌀🌀🌀🌀🌀🌀🌀🌀🌀🌀🌀🌀🌀🌀🌀🌀🌀🌀🌀🌀🌀🌀🌀🌀🌀🌀🌀🌀🌀🌀🌀🌀🌀🌀🌀🌀
🔴🌀🔴🔴🔴🔴🔴🔴🔴🔴🌀🌀🔴🔴🔴🔴🌀🌀🔴🔴🌀🌀🌀🌀🌀🌀🌀🌀🌀🌀🌀🌀🌀🌀🌀🌀🌀🌀🌀🌀🌀🌀🌀🌀🕛🌀🌀🌀🌀🌀🌀🌀🌀🌀🌀🌀🌀🌀🌀🌀🌀🌀🌀🌀🌀🌀🌀🌀🌀🌀🌀🌀🌀🌀🌀🌀🌀🌀🌀🌀🌀🌀🌀🌀🌀🌀🌀🌀🌀🌀🌀🌀🌀🌀🌀🌀🌀🌀🌀🌀🌀🌀🌀🌀🌀🌀🌀🌀🌀🌀🌀🌀🌀🌀🌀🌀🌀🌀🌀🌀🌀🌀🌀🌀🌀🌀🌀🌀
🔴🌀🌀🔴🌀🔴🔴🔴🌀🔴🔴🔴🔴🔴🌀🌀🔴🔴🌀🌀🔴🌀🌀🌀🌀🌀🌀🌀🌀🌀🌀🌀🌀🌀🌀🌀🌀🌀🌀🌀🌀🌀🌀🌀🌀🌀🌀🌀🌀🌀🌀🌀🌀🌀🌀🌀🌀🌀🌀🌀🌀🌀🌀🌀🌀🌀🌀🌀🌀🌀🌀🌀🌀🌀🌀🌀🌀🌀🌀🌀🌀🌀🌀🌀🌀🌀🌀🌀🌀🌀🌀🌀🌀🌀🌀🌀🌀🌀🌀🌀🌀🌀🌀🌀🌀🌀🌀🌀🌀🌀🌀🌀🌀🌀🌀🌀🌀🌀🌀🌀🌀🌀🌀🌀🌀🌀🌀🌀
🔴🌀🌀🔴🌀🔴🔴🔴🔴🔴🌀🌀🔴🔴🔴🔴🌀🌀🔴🔴🌀🌀🌀🌀🌀🌀🌀🌀🌀🌀🌀🌀🌀🌀🌀🌀🌀🌀🌀🌀🌀🌀🌀🌀🌀🌀🌀🌀🌀🌀🌀🌀🌀🌀🌀🌀🌀🌀🌀🌀🌀🌀🌀🌀🌀🌀🌀🌀🌀🌀🌀🌀🌀🌀🌀🌀🌀🌀🌀🌀🌀🌀🌀🌀🌀🌀🌀🌀🌀🌀🌀🌀🌀🌀🌀🌀🌀🌀🌀🌀🌀🌀🌀🌀🌀🌀🌀🌀🌀🌀🌀🌀🌀🌀🌀🌀🌀🌀🌀🌀🌀🌀🌀🌀🌀🌀🌀🌀
🌀🌀🌀🌀🌀🌀🌀🌀🌀🌀🌀🌀🌀🌀🌀🌀🌀🌀🌀🌀🌀🌀🌀🌀🌀🌀🌀🌀🌀🌀🌀🌀🌀🌀🌀🌀🌀🌀🌀🌀🌀🌀🌀🌀🌀🌀🌀🌀🌀🌀🌀🌀🌀🌀🌀🌀🌀🌀🌀🌀🌀🌀🌀🌀🌀🌀🌀🌀🌀🌀🌀🌀🌀🌀🌀🌀🌀🌀🌀🌀🌀🌀🌀🌀🌀🌀🌀🌀🌀🌀🌀🌀🌀🌀🌀🌀🌀🌀🌀🌀🌀🌀🌀🌀🌀🌀🌀🌀🌀🌀🌀🌀🌀🌀🌀🌀🌀🌀🌀🌀🌀🌀🌀🌀🌀🌀🌀🌀
🌀🌀🌀🌀🌀🌀🌀🌀🌀🌀🌀🌀🌀🌀🌀🌀🌀🌀🌀🌀🌀🌀🌀🌀🌀🌀🌀🌀🌀🌀🌀🌀🌀🌀🌀🌀🌀🌀🌀🌀🌀🌀🌀🌀🌀🌀🌀🌀🌀🌀🌀🌀🌀🌀🌀🌀🌀🌀🌀🌀🌀🌀🌀🌀🌀🌀🌀🌀🌀🌀🌀🌀🌀🌀🌀🌀🌀🌀🌀🌀🌀🌀🌀🌀🌀🌀🌀🌀🌀🌀🌀🌀🌀🌀🌀🌀🌀🌀🌀🌀🌀🌀🌀🌀🌀🌀🌀🌀🌀🌀🌀🌀🌀🌀🌀🌀🌀🌀🌀🌀🌀🌀🌀🌀🌀🌀🌀🌀
🌀🌀🌀🌀🌀🌀🌀🌀🌀🌀🌀🌀🌀🌀🌀🌀🌀🌀🌀🌀🌀🌀🌀🌀🌀🌀🌀🌀🌀🌀🌀🌀🌀🌀🌀🌀🌀🌀🌀🌀🌀🌀🌀🌀🌀🌀🌀🌀🌀🌀🌀🌀🌀🌀🌀🌀🌀🌀🌀🌀🌀🌀🌀🌀🌀🌀🌀🌀🌀🌀🌀🌀🌀🌀🌀🌀🌀🌀🌀🌀🌀🌀🌀🌀🌀🌀🌀🌀🌀🌀🌀🌀🌀🌀🌀🌀🌀🌀🌀🌀🌀🌀🌀🌀🌀🌀🌀🌀🌀🌀🌀🌀🌀🌀🌀🌀🌀🌀🌀🌀🌀🌀🌀🌀🌀🌀🌀🌀
🌀🌀🌀🌀🌀🌀🌀🌀🌀🌀🌀🌀🌀🌀🌀🌀🌀🌀🌀🌀🌀🌀🌀🌀🌀🌀🌀🌀🌀🌀🌀🌀🌀🌀🌀🌀🌀🌀🌀🌀🌀🌀🌀🌀🌀🌀🌀🌀🌀🌀🌀🌀🌀🌀🌀🌀🌀🌀🌀🌀🌀🌀🌀🌀🌀🌀🌀🌀🌀🌀🌀🌀🌀🌀🌀🌀🌀🌀🌀🌀🌀🌀🌀🌀🌀🌀🌀🌀🌀🌀🌀🌀🌀🌀🌀🌀🌀🌀🌀🌀🌀🌀🌀🌀🌀🌀🌀🌀🌀🌀🌀🌀🌀🌀🌀🌀🌀🌀🌀🌀🌀🌀🌀🌀🌀🌀🌀🌀
🌀🌀🌀🌀🌀🌀🌀🌀🌀🌀🌀🌀🌀🌀🌀🌀🌀🌀🌀🌀🌀🌀🌀🌀🌀🌀🌀🌀🌀🌀🌀🌀🌀🌀🌀🌀🌀🌀🌀🌀🌀🌀🌀🌀🌀🌀🌀🌀🌀🌀🌀🌀🌀🌀🌀🌀🌀🌀🌀🌀🌀🌀🌀🌀🌀🌀🌀🌀🌀🌀🌀🌀🌀🌀🌀🌀🌀🌀🌀🌀🌀🌀🌀🌀🌀🌀🌀🌀🌀🌀🌀🌀🌀🌀🌀🌀🌀🌀🌀🌀🌀🌀🌀🌀🌀🌀🌀🌀🌀🌀🌀🌀🌀🌀🌀🌀🌀🌀🌀🌀🌀🌀🌀🌀🌀🌀🌀🌀
🌀🕛🌀🌀🕛🕛🕛🕛🕛🌀🌀🌀🌀🌀🌀🌀🌀🌀🌀🌀🌀🌀🌀🌀🌀🌀🌀🌀🌀🌀🌀🌀🌀🌀🌀🌀🌀🌀🌀🌀🌀🌀🌚🌚🌚🌚🌚🌚🌚🌀🌀🌀🌀🌀🌀🌀🌀🌀🌀🌀🌀🌀🌀🌀🌀🌀🌀🌀🌀🌀🌀🌀🌀🔴🔴🔴🔴🔴🔴🔴🔴🌀🔥🔥🔥🔥🔥🔥🔥🔴🔴🔴🔴🔴🔴🔴🔴🌀🔥🔥🔥🔥🔥🔥🔥🔴🔴🔴🔴🔴🔴🔴🔴🌀🌀🌀🌀🌀🌀🌀🌀🌀🌀🌀🌀🌀🌀🌀
🕛🕛🕛🕛🕛🕛🕛🕛🌀🌀🌀🌀🌀🌀🌀🌀🌀🌀🌀🌀🌀🌀🌀🌀🌀🌀🌀🌀🌀🌀🌀🌀🌀🌀🌀🌀🌀🌀🌀🌀🌀🌚🔥🔥🔥🔥🔥🔥🔥🌀🌀🌀🌀🌀🌀🌀🌀🌀🌀🌀🌀🌀🌀🌀🌀🌀🌀🌀🌀🌀🌀🌀🌀🌚🌚🌚🌚🌚🌚🌚🌚🔥🔶🔶🔥🔥🔶🔶🔶🌚🌚🌚🌚🌚🌚🌚🌚🔥🔶🔶🔥🔥🔶🔶🔶🌚🌚🌚🌚🌚🌚🌚🌚🌀🌀🌀🌀🌀🌀🌀🌀🌀🌀🌀🌀🌀🌀🌀
🕛🕛🌀🌀🕛🕛🕛🕛🕛🌀🌀🌀🌀🌀🌀🌀🌀🌀🌀🌀🌀🌀🌀🌀🌀🌀🌀🌀🌀🌀🌀🌀🌀🌀🌀🌀🌀🌀🌀🌀🌀🌚🔥🔥🔥🔥🔥🔥🔥🌀🌀🌀🌀🌀🌀🌀🌀🌀🌀🌀🌀🌀🌀🌀🌀🌀🌀🌀🌀🌀🌀🌀🌀🔥🔥🔥🔥🔥🔥🔥🔥🔥🔶🔥🌚🔶🔥🔶🔶🔥🔥🔥🔥🔥🔥🔥🔥🔥🔶🔥🌚🔶🔥🔶🔶🔥🔥🔥🔥🔥🔥🔥🔥🌀🌀🌀🌀🌀🌀🌀🌀🌀🌀🌀🌀🌀🌀🌀
🌀🌀🌀🌀🌀🌀🌀🌀🌀🌀🌀🌀🌀🌀🌀🌀🌀🌀🌀🌀🌀🌀🌀🌀🌀🌀🌀🌀🌀🌀🌀🌀🌀🌀🌀🌀🌀🌀🌀🌀🌀🌚🔥🔥🔥🔥🔥🔥🔥🌀🌀🌀🌀🌀🌀🌀🌀🌀🌀🌀🌀🌀🌀🌀🌀🌀🌀🌀🌀🌀🌀🌀🌀🔥🔥🔥🔥🔥🔥🔥🔥🔥🔶🔶🔶🔥🔶🔶🔶🔥🔥🔥🔥🔥🔥🔥🔥🔥🔶🔶🔶🔥🔶🔶🔶🔥🔥🔥🔥🔥🔥🔥🔥🌀🌀🌀🌀🌀🌀🌀🌀🌀🌀🌀🌀🌀🌀🌀
🌀🌀🌀🌀🌀🌀🌀🌀🌀🌀🌀🌀🌀🌀🌀🌀🌀🌀🌀🌀🌀🌀🌀🌀🌀🌀🌀🌀🌀🌀🌀🌀🌀🌀🌀🌀🌀🌀🌀🌀🌀🌚🔥🔥🔥🔥🔥🔥🔥🌀🌀🌀🌀🌀🌀🌀🌀🌀🌀🌀🌀🌀🌀🌀🌀🌀🌀🌀🌀🌀🌀🌀🌀🔥🔥🔥🔥🔥🔥🔥🔥🔥🔶🔶🔶🔥🔶🔶🔶🔥🔥🔥🔥🔥🔥🔥🔥🔥🔶🔶🔶🔥🔶🔶🔶🔥🔥🔥🔥🔥🔥🔥🔥🌀🌀🌀🌀🌀🌀🌀🌀🌀🌀🌀🌀🌀🌀🌀
🌀🌀🌀🌀🌀🌀🌀🌀🌀🌀🌀🌀🌀🌀🌀🌀🌀🌀🌀🌀🌀🌀🌀🌀🌀🌀🌀🌀🌀🌀🌀🌀🌀🌀🌀🌀🌀🌀🌀🌀🌀🌀🌚🌚🌚🌚🌚🌚🌚🌀🌀🌀🌀🌀🔶🔶🌀🌀🌀🌀🌀🌀🌀🌀🌀🌀🌀🌀🌀🌀🌀🌀🌀🌚🌚🌚🌚🌚🌚🌚🌚🌚🌚🌚🌚🌚🌚🌚🌚🌚🌚🌚🌚🌚🌚🌚🌚🌚🌚🌚🌚🌚🌚🌚🌚🌚🌚🌚🌚🌚🌚🌚🌚🌀🌀🌀🌀🌀🌀🌀🌀🌀🌀🌀🌀🌀🌀🌀
🕛🕛🕛🕛🕛🕛🌀🌀🌀🌀🌀🌀🌀🌀🌀🌀🌀🌀🌀🌀🌀🌀🌀🌀🌀🌀🌀🌀🌀🌀🌀🌀🌀🌀🌀🌀🌀🌀🌀🌀🌀🌀🌀🌀🌀🌀🌀🌀🌀🌀🌀🌀🌀🌀👋👋🔶🔶👋👋🌀🌀🌀🌀🌀🌀🌀🌀🌀🌀🌀🌀🌀🌀🌀🌀🌀🌀🌀🌀🌀🌀🌀🌀🌀🌀🌀🌀🌀🌀🌀🌀🌀🌀🌀🌀🌀🌀🌀🌀🌀🌀🌀🌀🌀🌀🌀🌀🌀🌀🌀🌀🌀🌀🌀🌀🌀🌀🌀🌀🌀🌀🌀🌀🌀🌀🌀🌀
🕛🕛🌀🌀🕛🕛🌀🌀🌀🌀🌀🌀🌀🌀🌀🌀🌀🌀🌀🌀🌀🌀🌀🌀🌀🌀🌀🌀🌀🌀🌀🌀🌀🌀🌀🌀🌀🌀🌀🌀🌀🌀🌀🌀🌀🌀🌀🌀🌀🌀🌀🌀🌀🌀🌀👋👋🔶🔶👋🌀🌀🌀🌀🌀🌀🌀🌀🌀🌀🌀🌀🌀🌀🌀🌀🌀🌀🌀🌀🌀🌀🌀🌀🌀🌀🌀🌀🌀🌀🌀🌀🌀🌀🌀🌀🌀🌀🌀🌀🌀🌀🌀🌀🌀🌀🌀🌀🌀🌀🌀🌀🌀🌀🌀🌀🌀🌀🌀🌀🌀🌀🌀🌀🌀🌀🌀🌀
🌀🌀🌀🌀🌀🌀🌀🌀🌀🌀🌀🌀🌀🌀🌀🌀🌀🌀🌀🌀🌀🌀🌀🌀🌀🌀🌀🌀🌀🌀🌀🌀🌀🌀🌀🌀🌀🌀🌀🌀🌀🌀🌀🌀🌀🌀🌀🌀🌀🌀🌀🌀🌀🌀👋🌀👋👋👋👋👋👋🌀🌀🌀🌀🌀🌀🌀🌀🌀🌀🌀🌀🌀🌀🌀🌀🌀🌀🌀🌀🌀🌀🌀🌀🌀🌀🌀🌀🌀🌀🌀🌀🌀🌀🌀🌀🌀🌀🌀🌀🌀🌀🌀🌀🌀🌀🌀🌀🌀🌀🌀🌀🌀🌀🌀🌀🌀🌀🌀🌀🌀🌀🌀🌀🌀🌀
🌀🌀🌀🌀🌀🌀🌀🌀🌀🌀🌀🌀🌀🌀🌀🌀🌀🌀🌀🌀🌀🌀🌀🌀🌀🌀🌀🌀🌀🌀🌀🌀🌀🌀🌀🌀🌀🌀🌀🌀🌀🌀🌀🌀🌀🌀🌀🌀🌀🌀🌀🌀🌀🌀👋🔴🔴🔴🔴🔴👋🔶🌀🌀🌀🌀🌀🌀🌀🌀🌀🌀🌀🌀🌀🌀🌀🌀🌀🌀🌀🌀🌀🌀🌀🌀🌀🌀🌀🌀🌀🌀🌀🌀🌀🌀🌀🌀🌀🌀🌀🌀🌀🌀🌀🌀🌀🌀🌀🌀🌀🌀🌀🌀🌀🌀🌀🌀🌀🌀🌀🌀🌀🌀🌀🌀🌀🌀
🌀🌀🌀🌀🌀🌀🌀🌀🌀🌀🌀🌀🌀🌀🌀🌀🌀🌀🌀🌀🌀🌀🌀🌀🌀🌀🌀🌀🌀🌀🌀🌀🌀🌀🌀🌀🌀🌀🌀🌀🌀🌀🌀🌀🌀🌀🌀🌀🌀🌀🌀🌀🌀🌀🌀🌀🌀🌀🔴🔴🌀👋🌀🌀🌀🌀🌀🌀🌀🌀🌀🌀🌀🌀🌀🌀🌀🌀🌀🌀🌀🌀🌀🌀🌀🌀🌀🌀🌀🌀🌀🌀🌀🌀🌀🌀🌀🌀🌀🌀🌀🌀🌀🌀🌀🌀🌀🌀🌀🌀🌀🌀🌀🌀🌀🌀🌀🌀🌀🌀🌀🌀🌀🌀🌀🌀🌀🌀
🌀🌀🌀🌀🌀🌀🌀🌀🌀🌀🌀🌀🌀🌀🌀🌀🌀🌀🌀🌀🌀🌀🌀🌀🌀🌀🌀🌀🌀🌀🌀🌀🌀🌀🌀🌀🌀🌀🌀🌀🌀🌀🌀🌀🌀🌀🌀🌀🌀🌀🌀🌀🌀🌀🌀🌀🌀🌀🌀🌀🌀🌀🌀🌀🌀🌀🌀🌀🌀🌀🌀🌀🌀🌀🌀🌀🌀🌀🌀🌀🌀🌀🌀🌀🌀🌀🌀🌀🌀🌀🌀🌀🌀🌀🌀🌀🌀🌀🌀🌀🌀🌀🌀🌀🌀🌀🌀🌀🌀🌀🌀🌀🌀🌀🌀🌀🌀🌀🌀🌀🌀🌀🌀🌀🌀🌀🌀🌀
🌀🌀🌀🌀🌀🌀🌀🌀🌀🌀🌀🌀🌀🌀🌀🌀🌀🌀🌀🌀🌀🌀🌀🌀🌀🌀🌀🌀🌀🌀🌀🌀🌀🌀🌀🌀🌀🌀🌀🌀🌀🌀🌀🌀🌀🌀🌀🌀🌀🌀🌀🌀🌀🌀🌀🌀🌀🌀🌀🌀🌀🌀🌀🌀🌀🌀🌀🌀🌀🌀🌀🌀🌀🌀🌀🌀🌀🌀🌀🌀🌀🌀🌀🌀🌀🌀🌀🌀🌀🌀🌀🌀🌀🌀🌀🌀🌀🌀🌀🌀🌀🌀🌀🌀🌀🌀🌀🌀🌀🌀🌀🌀🌀🌀🌀🌀🌀🌀🌀🌀🌀🌀🌀🌀🌀🌀🌀🌀
🌀🌀🌀🌀🌀🌀🌀🌀🌀🌀🌀🌀🌀🌀🌀🌀🌀🌀🌀🌀🌀🌀🌀🌀🌀🌀🌀🌀🌀🌀🌀🌀🌀🌀🌀🌀🌀🌀🌀🌀🌀🌀🌀🌀🌀🌀🌀🌀🌀🌀🌀🌀🌀🌀🌀🌀🌀🌀🌀🌀🌀🌀🌀🌀🌀🌀🌀🌀🌀🌀🌀🌀🌀🌀🌀🌀🌀🌀🌀🌀🌀🌀🌀🌀🌀🌀🌀🌀🌀🌀🌀🌀🌀🌀🌀🌀🌀🌀🌀🌀🌀🌀🌀🌀🌀🌀🌀🌀🌀🌀🌀🌀🌀🌀🌀🌀🌀🌀🌀🌀🌀🌀🌀🌀🌀🌀🌀🌀
🕛🕛🌀🌀🕛🌀🌀🌀🌀🌀🌀🌀🌀🌀🌀🌀🌀🌀🌀🌀🌀🌀🌀🌀🌀🌀🌀🌀🌀🌀🌀🌀🌀🌀🌀🌀🌀🌀🌀🌀🌀🌀🌀🌀🌀🌀🌀🌀🌀🌀🌀🌀🌀🌀🌀🌀🌀🌀🌀🌀🌀🌀🌀🌀🌀🌀🌀🌀🌀🌀🌀🌀🌀🌀🌀🌀🌀🌀🌀🌀🌀🌀🌀🌀🌀🌀🌀🌀🌀🌀🌀🌀🌀🌀🌀🌀🌀🌀🌀🌀🌀🌀🌀🌀🌀🌀🌀🌀🌀🌀🌀🌀🌀🌀🌀🌀🌀🌀🌀🌀🌀🌀🌀🌀🌀🌀🌀🌀
🌀🌀🕛🌀🌀🌀🌀🌀🌀🌀🌀🌀🌀🌀🌀🌀🌀🌀🌀🌀🌀🌀🌀🌀🌀🌀🌀🌀🌀🌀🌀🌀🌀🌀🌀🌀🌀🌀🌀🌀🌀🌀🌀🌀🌀🌀🌀🌀🌀🌀🌀🌀🌚🌚🌚🌀🌀🌀🌀🌀🌀🌀🌀🌀🌀🌀🌀🌀🌀🌀🌀🌀🌀🌀🌀🌀🌀🌀🌀🌀🌀🌀🌀🌀🌀🌀🌀🌀🌀🌀🌀🌀🌀🌀🌀🌀🌀🌀🌀🌀🌀🌀🌀🌀🌀🌀🌀🌀🌀🌀🌀🌀🌀🌀🌀🌀🌀🌀🌀🌀🌀🌀🌀🌀🌀🌀🌀🌀
🌀🌀🌀🌀🌀🌀🌀🌀🌀🌀🌀🌀🌚🌚🌀🌀🌀🌀🌀🌀🌚🌚🌀🌀🌀🌀🌀🌀🌚🌚🌀🌀🌀🌀🌀🌀🌀🌀🌀🌀🌀🌀🌀🌀🌀🌀🌀🌀🌀🔋🔋🔋🔋🔋🔋🔋🔋🌚🌀🌀🌀🌀🌀🌀🔥🔥🌀🌀🌀🌀🌀🌀🌀🌀🌀🌀🌀🌀🌀🌀🌀🌀🌀🌀🌀🌀🌀🌀🌀🌀🌀🌀🌀🌀🌀🌀🌀🌀🌀🌀🌀🌀🌀🌀🌀🌀🌀🌀🌚🌚🌀🌀🌀🌀🌀🌀🌀🌀🌀🌀🌀🌀🌀🌀🌀🌀🌀🌀
🌀🌀🌀🌀🌀🌀🌀🌀🌀🌀🌚🌳🌳🌳🌳🌀🌀🌀🌚🌳🌳🌳🌳🌀🌀🌀🌚🌳🌳🌳🌳🌀🌀🌀🌀🌀🌀🌀🌀🌀🌀🌀🌀🌀🌀🌀🌀🌚🔋🔋🔋🔋🔋🔋🔋🌚🌚🔋🔋🌀🌀🌀🔥🔥🔥🔥🔥🌀🌀🌀🌀🌀🌀🌀🌀🌀🌀🌀🌀🌀🌀🌀🌀🌀🌀🌀🌀🌀🌀🌀🌀🌀🌀🌀🌀🌀🌀🌀🌀🌀🌀🌀🌀🌀🌀🌀🌚🌳🌳🌳🌳🌀🌀🌀🌀🌀🌀🌀🌀🌀🌀🌀🌀🌀🌀🌀🌀🌀
🌀🌀🌀🌀🌀🌀🌀🌀🌀🌀🌳🌳🔋🌳🔋🌳🌳🌀🌳🌳🔋🌳🔋🌳🌳🌀🌳🌳🔋🌳🔋🌳🌳🌀🌀🌀🌀🌀🌀🌀🌀🌀🌀🌀🌀🌀🔋🔋🔋🔋🔋🔋🔋🔋🌚🔋🔋🔋🔋🔋🌚🔥🔥🌚🌚🌚🔴🔥🌀🌀🌀🌀🌀🌀🌀🌀🌀🌀🌀🌀🌀🌀🌀🌀🌀🌀🌀🌀🌀🌀🌀🌀🌀🌀🌀🌀🌀🌀🌀🌀🌀🌀🌀🌀🌀🌀🌳🌳🔋🌳🔋🌳🌳🌀🌀🌀🌀🌀🌀🌀🌀🌀🌀🌀🌀🌀🌀🌀
🌀🌀🌀🌀🌀🌀🌀🌚🌳🌳🌳🌳🌳🌳🌳🌳🌳🌳🌳🌳🌳🌳🌳🌳🌳🌳🌳🌳🌳🌳🌳🌳🌳🌚🌚🌚🌀🌀🌀🌀🌀🌀🌀🌀🌚🔋🔋🔋🔋🔋🔋🔋🔋🔋🔋🔋🔋🔋🔋🔋🔋🔥🔥🔥🔥🔥🔥🔥🔥🌀🌀🌀🌀🌀🌀🌀🌀🌀🌀🌀🌀🌀🌀🌀🌀🌀🌀🌀🌀🌀🌀🌀🌀🌀🌀🌀🌀🌀🌀🌀🌀🌀🌀🌚🌳🌳🌳🌳🌳🌳🌳🌳🌳🌚🌚🌚🌀🌀🌀🌀🌀🌀🌀🌀🌀🌀🌀🌀
🌀🌀🌀🌀🌀🌀🌚🌳🌳🌳🌳🌳🌳🌳🌳🌳🌳🌳🌳🌳🌳🌳🌳🌳🌳🌳🌳🌳🌳🌳🌳🌳🌳🌳🌳🌳🌳🌀🌀🌀🌀🌀🌀🔋🔋🔋🔋🔋🔋🔋🔋🔋🔋🔋🔋🔋🔋🔋🔋🔋🔋🔋🌚🔴🔴🔴🔴🌀🌀🌀🌀🌀🌀🌀🌀🌀🌀🌀🌀🌀🌀🌀🌀🌀🌀🌀🌀🌀🌀🌀🌀🌀🌀🌀🌀🌀🌀🌀🌀🌀🌀🌀🌚🌳🌳🌳🌳🌳🌳🌳🌳🌳🌳🌳🌳🌳🌳🌀🌀🌀🌀🌀🌀🌀🌀🌀🌀🌀
🌀🌀🌀🌀🌀🌀🌳🌳🌳🌳🌳🌳🌳🌳🌳🌳🌳🌳🌳🌳🌳🌳🌳🌳🌳🌳🌳🌳🌳🌳🌳🌳🌳🌳🌳🌳🌚🌀🌀🌀🌀🌚🔋🔋🔋🔋🔋🔋🔋🔋🔋🔋🔋🔋🔋🔋🔋🔋🔋🔋🔋🔋🌚🌚🔋🌚🌚🌀🌀🌀🌀🌀🌀🌀🌀🌀🌀🌀🌀🌀🌀🌀🌀🌀🌀🌀🌀🌀🌀🌀🌀🌀🌀🌀🌀🌀🌀🌀🌀🌀🌀🌀🌳🌳🌳🌳🌳🌳🌳🌳🌳🌳🌳🌳🌳🌳🌚🌀🌀🌀🌀🌀🌀🌀🌀🌀🌀🌀
🔥🔴🔥🔥🔥🔥🔴🔥🔥🔴🔥🔥🔥🔥🔴🔥🔥🔴🔥🔥🔥🔥🔴🔥🔥🔴🔥🔥🔥🔥🔴🔥🔥🔴🔥🔥🔥🔥🔴🔥🔥🔴🔥🔥🔥🔥🔴🔥🔥🔴🔥🔥🔥🔥🔴🔥🔥🔴🔥🔥🔥🔥🔴🔥🔥🔴🔥🔥🔥🔥🔴🔥🔥🔴🔥🔥🔥🔥🔴🔥🔥🔴🔥🔥🔥🔥🔴🔥🔥🔴🔥🔥🔥🔥🔴🔥🔥🔴🔥🔥🔥🔥🔴🔥🔥🔴🔥🔥🔥🔥🔴🔥🔥🔴🔥🔥🔥🔥🔴🔥🔥🔴🔥🔥🔥🔥🔴🔥
🌚🔴🔥🔥🔥🔥🔥🌚🌚🔴🔥🔥🔥🔥🔥🌚🌚🔴🔥🔥🔥🔥🔥🌚🌚🔴🔥🔥🔥🔥🔥🌚🌚🔴🔥🔥🔥🔥🔥🌚🌚🔴🔥🔥🔥🔥🔥🌚🌚🔴🔥🔥🔥🔥🔥🌚🌚🔴🔥🔥🔥🔥🔥🌚🌚🔴🔥🔥🔥🔥🔥🌚🌚🔴🔥🔥🔥🔥🔥🌚🌚🔴🔥🔥🔥🔥🔥🌚🌚🔴🔥🔥🔥🔥🔥🌚🌚🔴🔥🔥🔥🔥🔥🌚🌚🔴🔥🔥🔥🔥🔥🌚🌚🔴🔥🔥🔥🔥🔥🌚🌚🔴🔥🔥🔥🔥🔥🌚
🔥🔴🔥🔥🔥🔥🔴🔥🔥🔴🔥🔥🔥🔥🔴🔥🔥🔴🔥🔥🔥🔥🔴🔥🔥🔴🔥🔥🔥🔥🔴🔥🔥🔴🔥🔥🔥🔥🔴🔥🔥🔴🔥🔥🔥🔥🔴🔥🔥🔴🔥🔥🔥🔥🔴🔥🔥🔴🔥🔥🔥🔥🔴🔥🔥🔴🔥🔥🔥🔥🔴🔥🔥🔴🔥🔥🔥🔥🔴🔥🔥🔴🔥🔥🔥🔥🔴🔥🔥🔴🔥🔥🔥🔥🔴🔥🔥🔴🔥🔥🔥🔥🔴🔥🔥🔴🔥🔥🔥🔥🔴🔥🔥🔴🔥🔥🔥🔥🔴🔥🔥🔴🔥🔥🔥🔥🔴🔥
🔥🔴🌚🔥🔥🌚🔥🔥🔥🔴🌚🔥🔥🌚🔥🔥🔥🔴🌚🔥🔥🌚🔥🔥🔥🔴🌚🔥🔥🌚🔥🔥🔥🔴🌚🔥🔥🌚🔥🔥🔥🔴🌚🔥🔥🌚🔥🔥🔥🔴🌚🔥🔥🌚🔥🔥🔥🔴🌚🔥🔥🌚🔥🔥🔥🔴🌚🔥🔥🌚🔥🔥🔥🔴🌚🔥🔥🌚🔥🔥🔥🔴🌚🔥🔥🌚🔥🔥🔥🔴🌚🔥🔥🌚🔥🔥🔥🔴🌚🔥🔥🌚🔥🔥🔥🔴🌚🔥🔥🌚🔥🔥🔥🔴🌚🔥🔥🌚🔥🔥🔥🔴🌚🔥🔥🌚🔥🔥
🌚🔴🔥🔥🔥🔴🔥🔥🌚🔴🔥🔥🔥🔴🔥🔥🌚🔴🔥🔥🔥🔴🔥🔥🌚🔴🔥🔥🔥🔴🔥🔥🌚🔴🔥🔥🔥🔴🔥🔥🌚🔴🔥🔥🔥🔴🔥🔥🌚🔴🔥🔥🔥🔴🔥🔥🌚🔴🔥🔥🔥🔴🔥🔥🌚🔴🔥🔥🔥🔴🔥🔥🌚🔴🔥🔥🔥🔴🔥🔥🌚🔴🔥🔥🔥🔴🔥🔥🌚🔴🔥🔥🔥🔴🔥🔥🌚🔴🔥🔥🔥🔴🔥🔥🌚🔴🔥🔥🔥🔴🔥🔥🌚🔴🔥🔥🔥🔴🔥🔥🌚🔴🔥🔥🔥🔴🔥🔥
🔥🔴🔥🔥🔥🔥🔴🔥🔥🔴🔥🔥🔥🔥🔴🔥🔥🔴🔥🔥🔥🔥🔴🔥🔥🔴🔥🔥🔥🔥🔴🔥🔥🔴🔥🔥🔥🔥🔴🔥🔥🔴🔥🔥🔥🔥🔴🔥🔥🔴🔥🔥🔥🔥🔴🔥🔥🔴🔥🔥🔥🔥🔴🔥🔥🔴🔥🔥🔥🔥🔴🔥🔥🔴🔥🔥🔥🔥🔴🔥🔥🔴🔥🔥🔥🔥🔴🔥🔥🔴🔥🔥🔥🔥🔴🔥🔥🔴🔥🔥🔥🔥🔴🔥🔥🔴🔥🔥🔥🔥🔴🔥🔥🔴🔥🔥🔥🔥🔴🔥🔥🔴🔥🔥🔥🔥🔴🔥
🔥🔴🔥🔥🔥🔥🔴🔥🔥🔴🔥🔥🔥🔥🔴🔥🔥🔴🔥🔥🔥🔥🔴🔥🔥🔴🔥🔥🔥🔥🔴🔥🔥🔴🔥🔥🔥🔥🔴🔥🔥🔴🔥🔥🔥🔥🔴🔥🔥🔴🔥🔥🔥🔥🔴🔥🔥🔴🔥🔥🔥🔥🔴🔥🔥🔴🔥🔥🔥🔥🔴🔥🔥🔴🔥🔥🔥🔥🔴🔥🔥🔴🔥🔥🔥🔥🔴🔥🔥🔴🔥🔥🔥🔥🔴🔥🔥🔴🔥🔥🔥🔥🔴🔥🔥🔴🔥🔥🔥🔥🔴🔥🔥🔴🔥🔥🔥🔥🔴🔥🔥🔴🔥🔥🔥🔥🔴🔥
🔥🔴🔥🔥🔥🔥🔴🔥🔥🔴🔥🔥🔥🔥🔴🔥🔥🔴🔥🔥🔥🔥🔴🔥🔥🔴🔥🔥🔥🔥🔴🔥🔥🔴🔥🔥🔥🔥🔴🔥🔥🔴🔥🔥🔥🔥🔴🔥🔥🔴🔥🔥🔥🔥🔴🔥🔥🔴🔥🔥🔥🔥🔴🔥🔥🔴🔥🔥🔥🔥🔴🔥🔥🔴🔥🔥🔥🔥🔴🔥🔥🔴🔥🔥🔥🔥🔴🔥🔥🔴🔥🔥🔥🔥🔴🔥🔥🔴🔥🔥🔥🔥🔴🔥🔥🔴🔥🔥🔥🔥🔴🔥🔥🔴🔥🔥🔥🔥🔴🔥🔥🔴🔥🔥🔥🔥🔴🔥
🔥🌚🔥🔥🔥🌚🔥🔥🔥🌚🔥🔥🔥🌚🔥🔥🔥🌚🔥🔥🔥🌚🔥🔥🔥🌚🔥🔥🔥🌚🔥🔥🔥🌚🔥🔥🔥🌚🔥🔥🔥🌚🔥🔥🔥🌚🔥🔥🔥🌚🔥🔥🔥🌚🔥🔥🔥🌚🔥🔥🔥🌚🔥🔥🔥🌚🔥🔥🔥🌚🔥🔥🔥🌚🔥🔥🔥🌚🔥🔥🔥🌚🔥🔥🔥🌚🔥🔥🔥🌚🔥🔥🔥🌚🔥🔥🔥🌚🔥🔥🔥🌚🔥🔥🔥🌚🔥🔥🔥🌚🔥🔥🔥🌚🔥🔥🔥🌚🔥🔥🔥🌚🔥🔥🔥🌚🔥🔥
🔥🔴🔥🔴🔴🔴🔥🔥🔥🔴🔥🔴🔴🔴🔥🔥🔥🔴🔥🔴🔴🔴🔥🔥🔥🔴🔥🔴🔴🔴🔥🔥🔥🔴🔥🔴🔴🔴🔥🔥🔥🔴🔥🔴🔴🔴🔥🔥🔥🔴🔥🔴🔴🔴🔥🔥🔥🔴🔥🔴🔴🔴🔥🔥🔥🔴🔥🔴🔴🔴🔥🔥🔥🔴🔥🔴🔴🔴🔥🔥🔥🔴🔥🔴🔴🔴🔥🔥🔥🔴🔥🔴🔴🔴🔥🔥🔥🔴🔥🔴🔴🔴🔥🔥🔥🔴🔥🔴🔴🔴🔥🔥🔥🔴🔥🔴🔴🔴🔥🔥🔥🔴🔥🔴🔴🔴🔥🔥
